Natalia,2003,7,27,2022,5,31
Javier,2007,2,10,2022,5,31
Martha,1969,9,6,2022,5,31
Alan,1993,10,31,2022,5,31
Pedro,1958,6,12,2022,5,31
Omar,1981,12,15,2022,5,31
Juan,2007,3,23,2022,5,31
Kevin,2000,8,9,2022,5,31
Oliver,1975,11,28,2022,5,31
Vanya,1961,1,30,2022,5,31
Selena,1989,5,14,2022,5,31
Marcos,2016,9,25,2022,5,31
Carlos,1970,10,5,2022,5,31
Miguel,1988,2,29,2022,5,31
Ofelia,2001,11,11,2022,5,31
Armando,1953,7,8,2022,5,31
Rosa,1993,10,31,2022,5,31
Amelia,2021,4,19,2022,5,31
Blanca,1962,8,26,2022,5,31
Celia,1999,3,17,2022,5,31